2.080000000000000000e+03 2.112000000000000000e+03 1.537610091596224571e+01 9.000000000000000000e+01 5.600000000000000000e+01 5.600000000000000000e+01 3.317000865936279297e-01
1.760000000000000000e+03 1.792000000000000000e+03 2.055304821458354070e+01 9.000000000000000000e+01 5.600000000000000000e+01 5.600000000000000000e+01 3.289740085601806641e-01
1.376000000000000000e+03 1.408000000000000000e+03 1.741560408272379945e+01 9.000000000000000000e+01 4.100000000000000000e+01 4.100000000000000000e+01 3.138580322265625000e-01
1.504000000000000000e+03 1.536000000000000000e+03 3.185799413319978868e+01 9.000000000000000000e+01 1.700000000000000000e+01 1.700000000000000000e+01 3.024003505706787109e-01
2.880000000000000000e+02 3.200000000000000000e+02 4.537275002569456817e+00 9.000000000000000000e+01 1.220000000000000000e+02 1.220000000000000000e+02 3.146712779998779297e-01
9.920000000000000000e+02 1.024000000000000000e+03 2.006491469158809338e+01 9.000000000000000000e+01 6.900000000000000000e+01 6.900000000000000000e+01 3.081538677215576172e-01
2.240000000000000000e+02 2.560000000000000000e+02 8.957882737846849963e+00 9.000000000000000000e+01 7.500000000000000000e+01 7.500000000000000000e+01 3.146555423736572266e-01
1.120000000000000000e+03 1.152000000000000000e+03 7.621562394302216603e+00 9.000000000000000000e+01 9.200000000000000000e+01 9.200000000000000000e+01 3.110990524291992188e-01
8.320000000000000000e+02 8.640000000000000000e+02 2.396110768072606945e+01 9.000000000000000000e+01 1.340000000000000000e+02 1.340000000000000000e+02 3.204317092895507812e-01
4.800000000000000000e+02 5.120000000000000000e+02 9.476950865022388371e+00 9.000000000000000000e+01 1.160000000000000000e+02 1.160000000000000000e+02 3.145945072174072266e-01
1.632000000000000000e+03 1.664000000000000000e+03 3.834792714997682594e+00 9.000000000000000000e+01 5.400000000000000000e+01 5.400000000000000000e+01 3.068478107452392578e-01
8.640000000000000000e+02 8.960000000000000000e+02 2.617117850014515312e+01 9.000000000000000000e+01 5.100000000000000000e+01 5.100000000000000000e+01 3.136951923370361328e-01
1.248000000000000000e+03 1.280000000000000000e+03 2.559728465552936783e+01 9.000000000000000000e+01 5.000000000000000000e+01 5.000000000000000000e+01 3.002972602844238281e-01
1.888000000000000000e+03 1.920000000000000000e+03 1.094008719846443967e+01 9.000000000000000000e+01 8.900000000000000000e+01 8.900000000000000000e+01 3.187777996063232422e-01
6.720000000000000000e+02 7.040000000000000000e+02 1.269508864310492768e+01 9.000000000000000000e+01 1.490000000000000000e+02 1.490000000000000000e+02 3.203887939453125000e-01
5.440000000000000000e+02 5.760000000000000000e+02 1.153393400741606456e+01 9.000000000000000000e+01 1.060000000000000000e+02 1.060000000000000000e+02 3.150665760040283203e-01
1.344000000000000000e+03 1.376000000000000000e+03 2.028513715846275645e+01 9.000000000000000000e+01 7.200000000000000000e+01 7.200000000000000000e+01 3.247158527374267578e-01
3.200000000000000000e+02 3.520000000000000000e+02 1.478143780058259971e+01 9.000000000000000000e+01 5.400000000000000000e+01 5.400000000000000000e+01 3.062014579772949219e-01
7.360000000000000000e+02 7.680000000000000000e+02 3.135600072912687963e+01 9.000000000000000000e+01 6.500000000000000000e+01 6.500000000000000000e+01 3.085560798645019531e-01
1.984000000000000000e+03 2.016000000000000000e+03 6.165391127975202501e+00 9.000000000000000000e+01 6.300000000000000000e+01 6.300000000000000000e+01 3.240036964416503906e-01
1.216000000000000000e+03 1.248000000000000000e+03 6.941312376920443228e+00 9.000000000000000000e+01 9.300000000000000000e+01 9.300000000000000000e+01 3.095073699951171875e-01
1.280000000000000000e+03 1.312000000000000000e+03 2.760827084320049352e+01 9.000000000000000000e+01 2.600000000000000000e+01 2.600000000000000000e+01 2.998266220092773438e-01
2.176000000000000000e+03 2.208000000000000000e+03 3.640738571379090160e+01 9.000000000000000000e+01 5.400000000000000000e+01 5.400000000000000000e+01 3.025119304656982422e-01
3.840000000000000000e+02 4.160000000000000000e+02 3.461004352483627589e+00 9.000000000000000000e+01 6.400000000000000000e+01 6.400000000000000000e+01 3.050806522369384766e-01
1.920000000000000000e+03 1.952000000000000000e+03 2.999501795618628730e+00 9.000000000000000000e+01 5.400000000000000000e+01 5.400000000000000000e+01 3.101434707641601562e-01
0.000000000000000000e+00 3.200000000000000000e+01 6.341813851775918387e+00 9.000000000000000000e+01 8.200000000000000000e+01 8.200000000000000000e+01 3.168921470642089844e-01
1.600000000000000000e+02 1.920000000000000000e+02 6.369480599101359886e+00 9.000000000000000000e+01 5.300000000000000000e+01 5.300000000000000000e+01 3.036274909973144531e-01
1.024000000000000000e+03 1.056000000000000000e+03 3.636126568899290845e+01 9.000000000000000000e+01 3.700000000000000000e+01 3.700000000000000000e+01 3.033223152160644531e-01
1.664000000000000000e+03 1.696000000000000000e+03 5.900209193951361009e+00 9.000000000000000000e+01 3.700000000000000000e+01 3.700000000000000000e+01 3.054111003875732422e-01
2.304000000000000000e+03 2.336000000000000000e+03 2.197773095640743524e+00 9.000000000000000000e+01 1.270000000000000000e+02 1.270000000000000000e+02 3.158109188079833984e-01
1.568000000000000000e+03 1.600000000000000000e+03 2.079984746234838511e+01 9.000000000000000000e+01 6.900000000000000000e+01 6.900000000000000000e+01 3.215987682342529297e-01
1.152000000000000000e+03 1.184000000000000000e+03 9.452181078954907889e+00 9.000000000000000000e+01 8.800000000000000000e+01 8.800000000000000000e+01 3.115031719207763672e-01
1.856000000000000000e+03 1.888000000000000000e+03 5.369932574415521032e+01 9.000000000000000000e+01 3.100000000000000000e+01 3.100000000000000000e+01 3.108627796173095703e-01
4.480000000000000000e+02 4.800000000000000000e+02 1.267191551454027731e+01 9.000000000000000000e+01 2.600000000000000000e+01 2.600000000000000000e+01 2.997350692749023438e-01
1.312000000000000000e+03 1.344000000000000000e+03 1.608551045704333049e+01 9.000000000000000000e+01 4.100000000000000000e+01 4.100000000000000000e+01 2.976596355438232422e-01
2.112000000000000000e+03 2.144000000000000000e+03 7.432685512098498926e+00 9.000000000000000000e+01 2.100000000000000000e+01 2.100000000000000000e+01 2.950916290283203125e-01
8.000000000000000000e+02 8.320000000000000000e+02 9.173399685006042859e+00 9.000000000000000000e+01 1.280000000000000000e+02 1.280000000000000000e+02 3.154973983764648438e-01
6.400000000000000000e+01 9.600000000000000000e+01 7.075902023046762856e+00 9.000000000000000000e+01 4.200000000000000000e+01 4.200000000000000000e+01 3.034620285034179688e-01
2.272000000000000000e+03 2.304000000000000000e+03 3.689325620782768489e+00 9.000000000000000000e+01 7.200000000000000000e+01 7.200000000000000000e+01 3.175728321075439453e-01
9.600000000000000000e+01 1.280000000000000000e+02 2.111652115624611170e+01 9.000000000000000000e+01 4.900000000000000000e+01 4.900000000000000000e+01 3.040907382965087891e-01
8.960000000000000000e+02 9.280000000000000000e+02 6.246179985457652073e+00 9.000000000000000000e+01 1.050000000000000000e+02 1.050000000000000000e+02 3.148574829101562500e-01
2.336000000000000000e+03 2.368000000000000000e+03 2.251472328565381176e+01 9.000000000000000000e+01 8.500000000000000000e+01 8.500000000000000000e+01 3.146150112152099609e-01
1.728000000000000000e+03 1.760000000000000000e+03 2.895749817965332440e+01 9.000000000000000000e+01 5.000000000000000000e+01 5.000000000000000000e+01 3.074917793273925781e-01
1.792000000000000000e+03 1.824000000000000000e+03 3.468057485422551878e+01 9.000000000000000000e+01 5.600000000000000000e+01 5.600000000000000000e+01 3.027195930480957031e-01
2.240000000000000000e+03 2.272000000000000000e+03 2.387624158987981104e+01 9.000000000000000000e+01 5.600000000000000000e+01 5.600000000000000000e+01 3.071675300598144531e-01
3.520000000000000000e+02 3.840000000000000000e+02 7.938665077983806384e+00 9.000000000000000000e+01 4.400000000000000000e+01 4.400000000000000000e+01 3.030965328216552734e-01
1.440000000000000000e+03 1.472000000000000000e+03 3.390689469665574762e+01 9.000000000000000000e+01 2.500000000000000000e+01 2.500000000000000000e+01 2.976820468902587891e-01
5.760000000000000000e+02 6.080000000000000000e+02 1.259494941467899309e+01 9.000000000000000000e+01 8.200000000000000000e+01 8.200000000000000000e+01 3.086538314819335938e-01
2.048000000000000000e+03 2.080000000000000000e+03 1.734339837413163821e+01 9.000000000000000000e+01 4.500000000000000000e+01 4.500000000000000000e+01 3.021919727325439453e-01
4.160000000000000000e+02 4.480000000000000000e+02 1.761794151307942968e+01 9.000000000000000000e+01 5.400000000000000000e+01 5.400000000000000000e+01 3.005037307739257812e-01
1.472000000000000000e+03 1.504000000000000000e+03 2.070250030584317713e+01 9.000000000000000000e+01 3.300000000000000000e+01 3.300000000000000000e+01 2.971668243408203125e-01
1.600000000000000000e+03 1.632000000000000000e+03 3.716525309969863855e+00 9.000000000000000000e+01 1.080000000000000000e+02 1.080000000000000000e+02 3.107566833496093750e-01
1.280000000000000000e+02 1.600000000000000000e+02 1.765768437952509018e+01 9.000000000000000000e+01 6.700000000000000000e+01 6.700000000000000000e+01 3.061082363128662109e-01
1.088000000000000000e+03 1.120000000000000000e+03 3.145202891869816497e+00 9.000000000000000000e+01 2.060000000000000000e+02 2.060000000000000000e+02 3.415796756744384766e-01
5.120000000000000000e+02 5.440000000000000000e+02 2.516745854974292840e+01 9.000000000000000000e+01 1.000000000000000000e+02 1.000000000000000000e+02 3.266267776489257812e-01
1.920000000000000000e+02 2.240000000000000000e+02 1.567422685242777547e+01 9.000000000000000000e+01 3.600000000000000000e+01 3.600000000000000000e+01 3.057160377502441406e-01
2.016000000000000000e+03 2.048000000000000000e+03 7.265366744907391983e+00 9.000000000000000000e+01 8.700000000000000000e+01 8.700000000000000000e+01 3.143546581268310547e-01
1.536000000000000000e+03 1.568000000000000000e+03 2.951254379822724161e+01 9.000000000000000000e+01 1.800000000000000000e+01 1.800000000000000000e+01 2.969634532928466797e-01
1.184000000000000000e+03 1.216000000000000000e+03 6.611136375557681966e+00 9.000000000000000000e+01 4.200000000000000000e+01 4.200000000000000000e+01 2.980401515960693359e-01
1.408000000000000000e+03 1.440000000000000000e+03 3.685157958069478212e+01 9.000000000000000000e+01 5.100000000000000000e+01 5.100000000000000000e+01 3.013830184936523438e-01
1.056000000000000000e+03 1.088000000000000000e+03 1.650960697896155338e+01 9.000000000000000000e+01 7.500000000000000000e+01 7.500000000000000000e+01 3.150839805603027344e-01
3.200000000000000000e+01 6.400000000000000000e+01 1.375841092645631569e+01 9.000000000000000000e+01 1.280000000000000000e+02 1.280000000000000000e+02 3.122837543487548828e-01
6.080000000000000000e+02 6.400000000000000000e+02 7.967928367148020996e+00 9.000000000000000000e+01 1.040000000000000000e+02 1.040000000000000000e+02 3.235647678375244141e-01
7.680000000000000000e+02 8.000000000000000000e+02 2.609370709214426398e+01 9.000000000000000000e+01 3.900000000000000000e+01 3.900000000000000000e+01 3.062195777893066406e-01
9.280000000000000000e+02 9.600000000000000000e+02 1.385828523744685548e+01 9.000000000000000000e+01 7.900000000000000000e+01 7.900000000000000000e+01 3.215296268463134766e-01
6.400000000000000000e+02 6.720000000000000000e+02 1.220484455222375075e+01 9.000000000000000000e+01 1.640000000000000000e+02 1.640000000000000000e+02 3.325090408325195312e-01
1.952000000000000000e+03 1.984000000000000000e+03 1.004706818591678541e+01 9.000000000000000000e+01 6.500000000000000000e+01 6.500000000000000000e+01 3.253118991851806641e-01
7.040000000000000000e+02 7.360000000000000000e+02 1.315959627593165138e+01 9.000000000000000000e+01 1.160000000000000000e+02 1.160000000000000000e+02 3.229956626892089844e-01
2.560000000000000000e+02 2.880000000000000000e+02 1.268811032866381261e+01 9.000000000000000000e+01 1.260000000000000000e+02 1.260000000000000000e+02 3.351154327392578125e-01
9.600000000000000000e+02 9.920000000000000000e+02 4.712997103853910907e+00 9.000000000000000000e+01 2.180000000000000000e+02 2.180000000000000000e+02 3.345477581024169922e-01
1.824000000000000000e+03 1.856000000000000000e+03 2.894289829404700853e+01 9.000000000000000000e+01 3.900000000000000000e+01 3.900000000000000000e+01 3.132843971252441406e-01
2.208000000000000000e+03 2.240000000000000000e+03 3.027359534744721969e+01 9.000000000000000000e+01 3.700000000000000000e+01 3.700000000000000000e+01 3.032732009887695312e-01
1.696000000000000000e+03 1.728000000000000000e+03 1.350427053549222123e+01 9.000000000000000000e+01 6.100000000000000000e+01 6.100000000000000000e+01 3.009524345397949219e-01
2.144000000000000000e+03 2.176000000000000000e+03 3.843623327419046376e+01 9.000000000000000000e+01 3.200000000000000000e+01 3.200000000000000000e+01 2.980923652648925781e-01
